2147483648S
58554 2
314710 1
965 1
1931941 1
6899 1
11141 1
55182 1
5983084 1
404211 1
403572 1
5759757 1
5759118 1
7844002 1
7844641 1
4670 1
1210 1
1313529 1
5892501 1
46610 1
861 1
1683 1
1004 1
-888 -1
7006 1
213522 1
2502526 1
2501887 1
7346 1
7342 1
763 1
1793 1
1114 1
-790 -1
7697 1
2239675 1
2838 1
1162 1
1841 1
9723 1
1140940 1
1137602 1
1138241 1
14718 1
4287 1
1283295 1
3036 1
4016991 1
3439 1
3958 1
491256 1
1515 1
836 1
7875 1
518728 1
29688 1
9838 1
3612 1
19797 1
514617 1
473869 1
90045 1
89992 1
-91264 -1
10924 1
3590 1
2556593 1
5546 1
4868 1
90283 1
660704 1
3751 1
23556 1
336000 1
3171 1
3954105 1
3954699 1
4844 1
5651 1
1650 1
572357 1
-1702 -1
3037967 1
3038170 1
-3077483 -1
3038794 1
517097 1
72993 1
981533 1
1554156 1
1554795 1
425027 1
46112 1
978234 1
978858 1
1044809 1
1045433 1
659 1
9338 1
1610 1
10689 1
2471 1
629 1
9291 1
1558 1
-29735 -3
55021 1
123119 1
4253 1
783050 1
47176 1
17538 1
737886 1
939277 1
46962 1
18298357 1
498153 1
18723 1
22004 1
22681 1
28664 1
3182 1
60514 1
1987 1
2665 1
8554 1
2055553 1
462762 1
498827 1
13009 1
501828 1
13575 1
124648 1
12281 1
16474 1
13979 1
14657 1
14969 1
1494734 1
30506542 1
14991 1
15669 1
16134 1
16159 1
16837 1
1238052 1
1238691 1
2702601 1
2701962 1
32663 1
27894 1
62050 1
229628 1
222530 1
223128 1
17288 1
17966 1
47320 1
2038619 1
2039217 1
2668 1
743315 1
-2759 -1
743948 1
2066907 1
2067542 1
5865 1
61866 1
15973 1
1540434 1
1541026 1
502691 1
503266 1
5098470 1
95086 1
1562040 1
697473 1
11218 1
50847 1
1478654 1
1479287 1
60870 1
554163 1
85850 1
2434109 1
502762 1
3060886 1
3070788 1
967767 1
25680 1
123849 1
754174 1
754766 1
7204 1
672140 1
25292 1
2625507 1
1675 1
673833 1
674466 1
9222 1
6681 1
10636 1
3100055 1
3243425 1
1769 1
727 1
618827 1
2766 1
989179 1
1927 1
1010 1
551029 1
157212 1
10723 1
553037 1
1896 1
880 1
526958 1
-908 -1
79132 1
81164 1
193726 1
10036 1
10709 1
13958 1
785362 1
668588 1
669221 1
869767 1
5838 1
534090 1
289067 1
3410 1
4126 1
9878 1
62910 1
7782 1
534910 1
9516 1
8633 1
11496 1
474946 1
475768 1
507794 1
104143 1
1300 1
511053 1
509124 1
12918 1
499574 1
510326 1
15607 1
48876 1
1095939 1
1096421 1
12878312 1
520355 1
520988 1
521000 1
513890 1
15029 1
1096527 1
1096527 1
-1110816 -1
300524 1
1095686 1
49761 1
2090 1
-81256 -2
705 1
806 1
30001 1
31961 1
1832 1
634943 1
635247 1
602557 1
602861 1
1024940 1
30069 1
606473 1
535856 1
109962 1
508626 1
610107 1
17095 1
1120 1
199665 1
4152 1
4503 1
15445 1
388635 1
164117 1
953405 1
2326 1
936677 1
630849 1
11326 1
633336 1
15909 1
633013 1
11699 1
897256 1
638101 1
11015 1
14093 1
632320 1
16393 1
4718 1
902907 1
5361 1
546272 1
13777 1
17134 1
20563 1
16768 1
689708 1
690019 1
10603 1
10603 1
12648 1
295177 1
27639 1
82169 1
5734 1
23257 1
15814 1
6455 1
16642 1
2976 1
239077 1
10437 1
19461 1
3355 1
22333 1
24864 1
517079 1
27706 1
7638 1
5054 1
504428 1
504690 1
56521 1
28968 1
24459 1
