2147483648S,0C
58195 1
271 1
4015766 1
2801 1
3321 1
491256 1
3954699 1
3038794 1
72993 1
982131 1
46112 1
978858 1
1045433 1
123119 1
783648 1
17538 1
67230 1
80809 1
93574 1
12486 1
72279 1
12592 1
85259 1
98915 1
81477 1
68640 1
12495 1
68808 1
73925 1
53284 1
968400 1
65175 1
80797 1
53213 1
86266 1
123849 1
754766 1
7069 1
672773 1
58825 1
8535 1
329609 1
9668 1
1123322 1
289066 1
4083 1
214871 1
4799 1
9877 1
44736 1
80960 1
92907 1
508427 1
509757 1
12920 1
510959 1
15607 1
71515 1
514523 1
21555 1
15702 1
19096 1
89743 1
127882 1
